3.83
3.8
3.78
3.79
3.78
3.76
3.76
3.77
3.77
3.79
3.85
3.85
3.85
3.86
3.9
3.95
4
4.02
4.02
4.01
4.04
4.08
4.18
4.23
4.24
4.28
4.36
4.36
4.38
4.3
4.35
4.39
4.38
4.39
4.45
4.47
4.46
4.46
4.48
4.49
4.5
4.57
4.66
4.74
4.78
4.86
4.97
5.03
5.08
5.17
5.21
5.25
5.27
5.24
5.25
5.28
5.33
5.36
5.47
5.5
5.49
5.49
5.49
5.54
5.62
5.63
5.63
5.64
5.62
5.66
5.76
5.79
5.8
5.84
5.87
5.95
5.97
5.92
5.92
6.01
6.02
6.05
6.17
6.17
6.19
6.19
6.25
6.31
6.29
6.31
6.25
6.26
6.25
6.27
6.31
6.35
6.34
6.3
6.34
6.41
6.41
6.34
6.39
6.41
6.42
6.44
6.5
6.57
6.6
6.57
6.63
6.66
6.62
6.64
6.77
6.88
6.91
6.98
6.99
7.01
7.09
7.08
7.16
7.23
7.28
7.31
7.31
7.32
7.41
7.49
7.59
7.69
7.7
7.69
7.76
7.76
7.8
7.82
7.93
8.01
8.12
8.18
8.19
8.25
8.32
8.33
8.4
8.52
8.64
8.77
8.87
9.01
9.17
9.31
9.33
9.43
9.48
9.51
9.72
9.94
10.06
10.1
10.22
10.39
10.56
10.67
10.96
11.11
11.27
11.38
11.45
11.65
11.8
11.83
12.02
12.2
12.4
12.4
12.48
12.68
12.83
12.97
13.28
13.54
14.16
14.08
14.16
14.29
14.55
14.76
15.03
15.19
15.68
15.92
16.3
16.59
16.74
17.21
17.77
18.35
18.6
18.89
19.04
19.19
19.5
19.69
19.94
20.36
20.57
20.78
21.23
21.6
21.77
21.97
22.07
22.37
22.75
22.93
23.17
23.52
23.79
24
24.52
24.76
25.09
25.42
25.48
25.86
26.57
26.81
26.95
27.21
27.4
27.82
28.22
28.55
28.85
29.08
29.38
29.79
30.4
30.55
31.16
31.47
31.61
31.64
32.26
32.65
32.91
33.28
33.57
34.08
34.79
35.06
35.4
35.87
36.39
36.74
37.21
37.47
37.51
37.89
38.01
38.86
39.51
39.71
39.95
40.5
40.67
40.91
41.05
41.6
41.94
42.51
42.94
43.61
44.28
44.45
44.81
45.02
45.26
45.58
46.28
46.6
46.7
46.98
47.22
47.54
48.43
48.78
49.08
49.59
49.74
49.66
49.94
50.02
50.56
50.82
51.22
51.43
52.91
53.14
53.32
53.45
53.6
54.09
54.63
54.79
55.36
55.56
55.44
55.67
56.1
56.34
56.67
56.79
56.72
56.74
57.31
57.29
57.82
58.16
58.02
58.23
58.6
58.76
59.19
58.98
58.98
59.21
59.99
60.58
61.11
61.18
61.15
61.64
62.35
62.4
62.79
62.96
63.05
63.4
64.43
64.57
65.26
65.52
65.63
65.88
66.52
66.94
67.19
67.34
67.34
67.54
68.45
68.75
69.48
70.09
70.02
70.19
71.01
70.91
71.14
71.3
71.5
71.71
72.6
72.87
73.46
73.92
74.03
74.07
75.25
75.75
76.02
75.94
76.14
76.13
76.37
77.07
77.71
77.75
77.8
78.04
78.77
78.79
79.07
79.42
79.64
79.83
80.12
80.6
81.05
81.36
81.49
81.88
82.71
82.74
83.01
83.34
83.51
83.6
83.92
84.47
84.72
84.91
85.06
85.43
86.32
86.74
87.24
87.71
87.74
87.83
87.84
88.09
88.43
88.6
88.83
89.12
89.67
89.91
90.23
90.74
91.05
90.98
91.1
91.36
91.58
91.71
91.71
91.98
92.25
92.19
92.23
92.27
92.4
92.4
92.57
92.98
93.44
93.4
93.59
93.84
94.06
93.84
93.88
94.11
94.24
94.3
94.65
94.9
94.97
94.98
94.89
95.15
95.51
95.56
95.98
96.34
96.33
96.35
96.77
97.19
97.37
97.34
97.49
97.93
98.25
98.39
98.78
99.19
99.36
99.66
100.26
100.69
100.94
101.2
101.46
101.81
101.84
102.18
102.61
103.14
103.53
103.88
104.13
104.39
104.37
104.26
104.19
104.56
104.42
104.51
105.38
106.81
107.19
107.2
106.45
106.76
107.16
108.22
108.38
108.74
108.3
108.53
109.28
110.17
110.07
110.14
109.45
109.95
110.28
111.02
111.39
111.58
110.79
110.84
111.62
113.15
113.81
113.99
113.13
113.63
113.83
115
115.29
115.18
114.21
114.5
115.41
117.07
117.29
117.57
116.85
